12345 - 0
12354 - 1
12435 - 1
12534 - 1
12543 - 2
13245 - 1
13254 - 2
14235 - 1
14325 - 2
15234 - 1
15243 - 2
15324 - 2
15423 - 2
15432 - 3
21345 - 1
21354 - 2
21435 - 2
21534 - 2
21543 - 3
31245
31254
31425
31452
31524
31542
32145
32154
32415
32451
32514
32541
34125
34152
34215
34251
34512
34521
35124
35142
35214
35241
35412
35421
41235
41253
41325
41352
41523
41532
42135
42153
42315
42351
42513
42531
43125
43152
43215
43251
43512
43521
45123
45132
45213
45231
45312
45321
51234
51243
51324
51342
51423
51432
52134
52143
52314
52341
52413
52431
53124
53142
53214
53241
53412
53421
54123
54132
54213
54231
54312
54321
